1
100
102
103
104
105
106
107
108
109
110
111
112
113
115
116
117
118
119
120
121
122
123
124
126
128
129
130
131
132
133
134
135
136
137
138
140
141
142
143
144
145
149
150
151
152
153
154
155
156
157
158
159
160
161
162
163
164
165
166
167
168
169
170
171
172
173
174
175
176
177
178
179
180
181
182
183
184
185
186
187
188
189
190
191
192
194
195
196
197
198
199
20
200
201
203
204
205
206
207
208
209
21
210
211
212
213
214
215
216
217
219
22
220
221
222
223
224
225
226
227
228
229
23
230
232
233
234
235
236
237
238
24
240
241
242
243
244
245
246
247
248
249
251
254
255
256
257
259
260
261
262
263
264
265
266
267
268
269
271
272
275
277
278
279
280
281
282
283
284
285
286
288
29
290
291
292
293
294
295
296
297
298
299
300
301
302
303
304
305
308
309
310
311
314
315
316
317
318
319
32
320
321
322
324
325
326
327
328
329
330
331
332
333
334
335
338
339
34
340
341
342
343
344
345
346
347
348
349
351
353
355
356
36
363
38
385
386
39
390
393
394
396
397
402
404
405
406
408
409
41
410
411
414
416
417
418
419
42
420
422
424
425
426
427
429
43
430
432
434
435
436
437
438
439
441
443
446
447
450
453
454
455
458
460
461
462
463
464
465
466
467
468
469
47
470
471
472
473
474
475
476
48
481
482
483
485
486
488
489
509
510
511
514
517
519
521
524
525
527
53
537
54
55
57
58
63
65
67
69
70
71
73
74
75
78
81
82
84
85
88
89
90
93
94
95
96
97
98
99
